170
171
171
172
172
173
174
175
176
177
177
178
179
180
181
182
183
183
184
184
185
185
186
186
187
187
187
188
189
190
191
192
192
193
194
194
195
196
197
198
198
199
199
199
200
200
201
201
202
202
202
203
204
205
205
206
206
207
207
207
208
208
209
209
209
210
210
211
211
212
212
212
213
213
214
215
216
216
217
217
218
218
219
219
220
220
221
221
222
223
224
225
225
226
226
226
227
227
228
228
229
229
230
230
231
231
232
232
233
233
233
234
234
235
235
236
236
237
237
238
238
239
239
240
240
241
241
241
242
242
243
243
243
244
245
245
246
246
247
247
248
249
250
251
252
253
254
255
256
256
257
258
258
259
259
260
260
261
262
262
263
263
263
264
265
266
267
268
268
269
270
270
271
271
272
272
273
273
274
274
274
275
275
275
276
276
276
277
277
277
278
279
279
280
280
281
281
281
282
283
283
283
284
284
285
285
285
286
286
287
288
288
288
289
289
290
290
291
291
291
292
292
293
293
293
294
294
294
295
295
296
296
297
297
298
298
299
300
301
302
303
304
305
306
307
307
307
308
308
308
309
309
309
310
310
310
311
311
312
312
312
313
313
313
314
314
314
315
315
315
316
316
316
317
317
317
318
319
319
319
320
320
321
321
322
322
323
323
323
324
324
325
325
326
327
327
327
328
328
329
329
330
330
330
331
331
331
332
332
333
334
335
335
336
336
336
337
337
337
338
338
338
339
339
340
340
341
341
342
342
342
343
343
343
344
344
345
345
346
346
346
347
347
348
348
349
349
349
350
350
350
351
351
352
352
353
353
353
354
354
355
355
356
357
358
359
360
361
362
363
364
365
365
366
366
367
367
368
368
368
369
369
370
370
370
371
371
371
372
372
373
374
375
375
376
376
377
377
377
378
378
378
379
379
380
380
381
381
382
382
383
383
384
384
384
385
385
386
386
387
387
387
388
388
389
390
390
391
391
392
392
392
393
393
394
394
395
395
396
397
398
399
399
400
400
401
402
402
403
404
405
405
405
406
407
407
408
408
409
410
411
412
413
414
415
416
417
418
419
419
419
420
420
421
422
423
424
424
424
425
425
426
426
426
427
427
428
429
429
430
431
431
432
433
433
433
434
435
435
436
436
437
437
438
438
439
439
439
440
440
441
441
441
442
442
443
443
444
444
444
445
445
445
446
447
447
448
449
450
451
451
452
452
453
453
454
455
455
456
457
457
457
457
458
458
459
459
459
460
461
461
462
462
463
463
463
464
464
464
465
466
466
466
467
467
467
468
468
469
469
469
470
471
472
473
474
475
476
477
478
479
480
481
482
482
483
483
484
484
485
485
486
487
487
487
488
488
489
489
490
490
490
491
491
491
492
492
493
493
494
494
495
495
496
496
497
498
499
500
500
500
501
501
502
502
503
503
503
504
504
505
505
506
506
507
508
509
509
510
510
510
511
511
512
513
514
515
516
517
518
519
520
521
522
523
524
525
526
527
528
529
529
530
530
531
531
531
532
532
532
533
533
533
534
534
535
535
536
537
538
538
539
540
541
542
543
544
545
546
547
548
548
549
549
550
551
552
553
554
555
556
557
557
557
558
558
558
559
559
559
560
560
560
561
561
562
562
562
563
563
564
564
565
565
565
566
566
567
568
569
570
571
571
572
573
573
573
574
575
575
576
576
577
577
578
578
579
580
580
580
581
581
582
582
583
583
583
584
584
584
585
585
586
587
587
588
589
590
591
591
591
592
592
593
593
593
594
594
594
595
595
596
596
596
597
597
597
598
598
599
599
599
600
600
601
601
602
603
604
605
605
606
606
607
607
608
608
609
609
609
610
610
611
611
612
612
613
613
614
614
615
615
615
616
616
617
617
617
618
618
619
619
620
620
621
621
621
622
623
623
624
624
624
625
625
626
626
627
627
628
629
630
631
632
633
634
635
636
637
638
639
640
641
642
643
644
645
646
646
646
647
648
649
649
650
651
652
653
653
654
654
655
655
656
656
657
657
657
658
658
659
660
660
660
661
661
662
662
663
663
664
665
665
666
666
667
668
668
669
669
669
670
670
671
671
672
672
673
674
675
676
677
678
679
680
680
681
681
682
682
683
683
683
684
684
685
685
686
686
687
687
688
688
688
689
689
690
690
691
691
692
693
693
694
695
696
697
698
699
699
700
700
701
701
701
702
702
703
703
704
704
704
705
705
706
706
707
707
708
709
709
710
710
710
711
711
712
712
713
714
715
716
717
717
717
718
718
719
720
721
722
723
723
724
725
725
726
726
727
727
727
728
729
730
731
732
733
734
734
736
736
736
737
737
738
738
738
739
739
740
740
741
741
742
743
744
744
745
745
746
746
746
747
747
748
748
749
749
749
750
750
750
751
751
752
753
754
754
755
755
756
757
757
758
759
760
760
760
761
762
762
762
763
763
764
764
765
765
766
767
768
769
770
771
771
772
772
773
773
774
774
775
775
776
777
777
778
778
778
779
780
781
782
783
784
785
786
786
787
787
788
788
788
789
789
790
790
790
791
792
792
793
793
794
795
795
795
796
797
797
798
798
799
800
801
801
802
802
803
803
803
804
804
805
805
806
806
807
808
808
809
809
810
810
811
812
813
814
814
815
815
816
817
818
819
819
819
820
820
821
821
821
822
822
823
823
824
824
825
826
826
826
827
827
828
829
829
830
830
831
832
832
833
833
834
834
835
835
836
836
836
837
837
838
838
839
839
840
841
841
841
842
843
844
845
845
846
846
847
847
848
848
849
850
850
850
851
852
853
853
853
854
854
855
855
856
857
858
859
860
861
862
863
863
864
865
866
866
867
867
868
869
870
871
871
872
873
873
874
875
875
876
876
876
877
877
878
878
879
879
880
881
882
882
883
883
884
885
886
887
888
888
889
889
890
890
891
891
892
892
893
893
893
894
894
894
895
895
896
896
897
897
898
898
899
899
900
900
901
901
901
902
902
903
903
904
904
905
906
906
906
907
907
908
908
909
909
909
910
910
911
911
912
913
913
914
914
914
915
915
916
916
917
917
917
918
918
919
920
920
921
921
922
923
924
924
925
925
926
926
926
927
927
927
928
928
928
929
929
930
930
931
931
932
933
933
934
934
935
935
935
936
936
937
937
938
939
939
940
940
941
941
942
942
942
943
943
943
944
944
945
945
946
946
947
948
948
949
949
949
950
950
951
951
952
952
952
953
953
954
954
955
955
956
956
956
957
957
957
958
958
958
959
960
961
961
962
962
963
963
963
964
964
965
965
966
966
967
968
969
970
971
972
973
974
974
975
976
977
978
979
980
980
980
981
981
981
982
982
983
983
984
985
985
986
986
986
987
988
989
990
991
991
992
993
994
994
994
995
995
995
996
997
998
999
999
999
1000
1000
1000
1001
1001
1002
1002
1003
1003
1003
1004
1004
1005
1005
1005
1006
1007
1007
1007
1008
1009
1010
1011
1012
1012
1012
1013
1013
1014
1014
1015
1015
1016
1016
1017
1018
1019
1020
1021
1022
1022
1023
1024
1025
1025
1025
1026
1026
1027
1028
1029
1030
1031
1031
1032
1033
1033
1034
1034
1035
1036
1036
1037
1037
1038
1038
1039
1039
1040
1040
1041
1041
1042
1043
1043
1044
1044
1044
1045
1045
1045
1046
1046
1047
1048
1049
1050
1051
1052
1053
1054
1055
1056
1057
1058
1059
1060
1061
1062
1063
1064
1065
1066
1067
1068
1069
1070
1071
1072
1073
1074
1075
1076
1076
1076
1077
1077
1077
1078
1079
1079
1080
1081
1082
1083
1084
1084
1084
1084
1085
1085
1086
1087
1087
1088
1089
1090
1091
1092
1093
1094
1095
1096
1097
1098
1098
1098
1099
1099
1100
1101
1102
1103
1104
1105
1106
1107
1108
1109
1110
1111
1112
1113
1114
1115
1116
1117
1118
1119
1120
1121
1122
1123
1124
1125
1126
1127
1128
1129
1130
1131
1132
1133
1134
1135
1135
1136
1136
1137
1138
1138
1139
1140
1141
1142
1143
1144
1145
1146
1147
1148
1149
1150
1151
1152
1153
1154
1155
1156
1157
1158
1159
1160
1161
1162
1163
1163
1164
1165
1165
1165
1166
1167
1168
1169
1170
1171
1171
1172
1173
1174
1175
1176
1177
1178
1179
1179
1179
1180
1181
1182
1183
1184
1185
1186
1187
1188
1188
1189
1190
1191
1192
1193
1194
1194
1194
1195
1196
1197
1198
1199
1200
1201
1202
1203
1204
1205